54
Sigma:     a     b     c     d     e
------------------------------------
    0:     1     2     3     1     2
    1:     3     2     4     2     2
    2:     2     2     2     2     2
    3:     5     2     3     6     2
    4:     5     7     8     9     2
    5:    10    11    12    13    14
    6:    15     7    16     9     2
    7:     0    17    18    19     2
    8:    20     2     4     6     2
    9:    10    17    12    13    21
   10:    20    17    12    13    21
   11:    22    11    23    24    25
   12:    20    11    12    26    27
   13:    20    11    12    28    14
   14:    29    11    30    31    25
   15:    20    17    18    32     2
   16:    20     7    16     9     2
   17:    33    11    23    24    25
   18:     5    11    34    26    27
   19:     5     1    35    36    27
   20:    20    11    12    13    14
   21:     9    17    12    37    38
   22:    20    11    12    37    25
   23:    20    11    12    26    39
   24:    40    11    12    41    25
   25:    42    11    30    31    25
   26:    43    17    23    44    38
   27:    29    11    45    26    27
   28:    40    11    12    46    14
   29:    10    11    12    13    14
   30:    22    11    23    26    39
   31:    43    11    23    41    25
   32:    20    47    16    48    27
   33:    10    11    12    37    25
   34:    20    11    18    26    27
   35:     5     2     3     9     2
   36:    40     7    16    49    50
   37:    20    11    12    24    25
   38:    51    17    23    37    38
   39:    42    11    45    26    39
   40:    20    11    12    31    14
   41:    40    11    12    41    25
   42:    10    11    12    37    25
   43:    20    11    12    31    25
   44:    20    11    12    24    25
   45:    22    11    52    26    39
   46:    40    11    12    46    14
   47:     3    17    18    19     2
   48:    40    17    12    53    21
   49:    10    17    12    13    21
   50:     0     2     4     2     2
   51:    10    17    12    37    38
   52:     5    11    34    26    39
   53:    20    11    12    28    14
------------------------------------
0: Initial State
0,3,4,5,6,7,8,9,10,11,12,13,14,15,16,17,18,19,20,21,22,23,24,25,26,27,28,29,30,31,32,33,34,35,36,37,38,39,40,41,42,43,44,45,46,47,48,49,51,52,53: Accepting State(s)




