35
Sigma:     a     b     c     d     e
------------------------------------
    0:     1     0     2     3     4
    1:     5     0     6     7     8
    2:     9     0     2     3    10
    3:    11    12    13    14     4
    4:    15    16    17     3    18
    5:     5     0     6     7     8
    6:     9     0     2     3    10
    7:    19    20    13    21     4
    8:    22    16    17     3    23
    9:     5     0     6     7     8
   10:    15    16    17     3    23
   11:    14    12    12    24    25
   12:    12    12    12    12    12
   13:    26    12    12    14    27
   14:    12    12    12    14    12
   15:     5    16     6     7     8
   16:     9     0     2     3     4
   17:     9     0     2     3    10
   18:    28    29    17     3    18
   19:    14    30    31    24    32
   20:    11    27    13    12     4
   21:    11    12    13    14    12
   22:     5    16     6     7     8
   23:    28    29    17     3    23
   24:    30    20    12    21    12
   25:    14    12    12    14    12
   26:    12    12    12    31    25
   27:    11    12    13    12     4
   28:     9    16     2     7     8
   29:     9     0     2     3     4
   30:    12    30    31    12    20
   31:    30    20    12    33    12
   32:    34    27    13    14     4
   33:    11    12    13    12    12
   34:    14    12    12    24    25
------------------------------------
0: Initial State
0,1,2,4,5,6,7,8,9,10,11,13,15,16,17,18,19,22,23,24,26,28,29,31,34: Accepting State(s)
