661
Sigma:     a     b     c     d     e
------------------------------------
    0:     1     2     3     4     5
    1:     1     1     1     1     1
    2:     1     6     7     8     9
    3:    10     1     1    11     4
    4:    12    13    14    15    16
    5:    17    18    19    20    21
    6:     1    22     3    23    24
    7:    25    26    27    28    29
    8:    30    31    32    33    34
    9:    17    35    27    36    21
   10:    12    13    37    38    16
   11:     1    39     1     1    40
   12:    41    42    43    44    45
   13:    46    47    48    49    45
   14:    50    13    14    51    16
   15:    52    53    54    55    56
   16:    57    58    59    60    61
   17:    62    63    64    65    66
   18:    67    68    69    70    71
   19:    72    73    74    75    76
   20:    77    78    79    80    81
   21:    77    82    79    83    81
   22:    52    53    84    55    56
   23:    85    86    87    88    45
   24:    17    18    19    20    21
   25:    89    90    91    92    93
   26:    94    95    96    97    45
   27:    72    73    74    98    76
   28:    99   100   101   102   103
   29:   104   105   106   107   108
   30:   109   110   111   107   112
   31:   113   114   115   116    45
   32:    72    73   117    75   118
   33:   119   120   101   121    81
   34:   104   105   122   107   108
   35:   123   124   125    49   126
   36:    77    78    79   127    76
   37:   128   129   130   131    71
   38:    41   132   133    44    45
   39:     1   134     7     8     9
   40:   135   136   137   138   139
   41:   140   110   141   142   118
   42:   143   144    59    44    45
   43:   145   146   147   107   112
   44:   109   148   149   107   108
   45:   104   150   122   107   108
   46:   151   152   149   142   112
   47:   153   144    59    49    45
   48:   145   146   154   155   112
   49:   109   148   149   107   108
   50:    41    42    43    44    45
   51:    52    53    54    55    56
   52:    41    42    43    44   156
   53:    46   157    48    49    45
   54:   158   159    96    44    45
   55:   160   161   115   116    61
   56:   158    58    59   116    61
   57:   109   110   111   107   112
   58:   162   163   115    44    45
   59:   145   146   154   107   118
   60:   109   148   149   107   108
   61:   104   150   122   107   108
   62:   164   165   166   167   168
   63:   169   170   171   172   173
   64:   174   175   176   177   178
   65:   179   180   181   182   183
   66:   184   185   186   187   188
   67:   109   110   189   107   112
   68:   190   191   192   193   194
   69:   145   146   154   107   118
   70:   109   148   149   142   112
   71:   195   150   196   197   108
   72:   198   199   200   201   202
   73:   203   204   205   201   202
   74:   174   206   176   207   208
   75:   209   210   211   212   213
   76:   214   185   215   216   188
   77:   217   218   219   220   221
   78:   198   199   200   201   202
   79:   174   206   176   222   178
   80:   209   210   211   223   213
   81:   214   185   215   216   188
   82:   198   204   200   201   202
   83:   224   225   226   227   213
   84:    85   228   229    97    45
   85:   140   110   141   142   112
   86:   230   231   232   116    45
   87:   145   146   154   155   108
   88:   109   148   141   142   112
   89:   217   218   233   220   178
   90:   203   234   235   201   202
   91:   214   236   237   238   178
   92:   217   234   239   220   188
   93:   214   240   241   216   188
   94:   109   110   189   107   112
   95:   242   243   244   193   194
   96:   145   146   154   107   118
   97:   109   148   149   142   112
   98:   245   210   211   246   213
   99:   224   247   248   249   250
  100:   198   251   200   201   202
  101:   174   206   176   252   178
  102:   253   254   211   255   168
  103:   214   256   215   216   188
  104:   217   218   219   220   221
  105:   198   204   200   201   202
  106:   214   236   257   258   178
  107:   217   234   239   220   188
  108:   214   240   215   216   188
  109:   217   218   219   220   178
  110:   203   234   205   201   202
  111:   214   236   237   238   178
  112:   214   240   215   216   188
  113:   259   110   260   107   118
  114:   242   243   244   261   194
  115:   145   146   147   107   118
  116:   109   148   149   107   108
  117:   214   262   176   263   208
  118:   264   240   239   216   188
  119:   265   266   267   220   221
  120:   198   234   200   201   202
  121:   245   268   211   269   213
  122:   214   236   257   238   178
  123:   109   110   189   107   118
  124:   242   243   270   193   194
  125:   145   146   147   107   118
  126:   104   150   196   107   108
  127:   209   271   211   272   273
  128:   109   110   111   107   112
  129:   274   275   276    44    45
  130:   277   278   279   280   281
  131:   109   150   149   107   108
  132:   230   144   232   116    45
  133:   145   146   147   107   108
  134:    52   282    84    55    56
  135:   283   284   101   285    76
  136:   286   231    69    49    71
  137:    72   287    74   288   112
  138:   104   146   106   289   108
  139:    77   290    79    83    81
  140:   217   218   233   220   178
  141:   214   236   237   238   178
  142:   217   234   239   220   188
  143:   109   110   111   107   112
  144:   291   243   192   193   194
  145:   198   199   200   201   202
  146:   203   204   205   201   202
  147:   214   236   257   292   208
  148:   198   234   200   201   202
  149:   214   236   237   238   178
  150:   198   234   200   201   202
  151:   293   218   233   220   178
  152:   203   234   294   201   202
  153:   109   110   111   107   112
  154:   214   236   257   295   208
  155:   217   234   296   220   188
  156:   109   150   149   107   108
  157:   297   144   232    49    45
  158:   109   110   111   107   112
  159:   274   275   298    44    45
  160:   109   110   111   107   118
  161:   162   163   115   116    45
  162:   259   110   299   107   118
  163:   291   243   192   261   194
  164:   300   301   302   303   304
  165:   305   306   307   308   309
  166:   310   311   312   313   314
  167:   315   316   317   318   319
  168:   320   321   322   323   324
  169:   325   326   327   323   202
  170:   328   329   330   323   309
  171:   310   331   312   332   314
  172:   333   334   335   336   309
  173:   337   338   339   340   324
  174:   325   326   341   323   202
  175:   342   329   330   343   344
  176:   345   346   312   347   314
  177:   348   349   302   350   351
  178:   325   352   353   323   324
  179:   354   355   356   357   358
  180:   359   360   361   340   362
  181:   310   311   363   364   365
  182:   366   367   368   369   370
  183:   371   372   373   350   374
  184:   325   326   341   323   202
  185:   325   329   341   323   202
  186:   345   375   376   377   314
  187:   378   379   380   381   382
  188:   320   352   322   323   324
  189:   214   236   237   238   178
  190:   198   199   200   201   383
  191:   384   385   386   387   388
  192:   214   389   205   390   391
  193:   259   148   392   107   108
  194:   393   240   215   216   188
  195:   217   218   219   220   221
  196:   214   236   257   238   178
  197:   217   234   239   220   188
  198:   325   326   341   323   383
  199:   328   394   330   323   309
  200:   345   375   395   377   314
  201:   396   379   397   323   398
  202:   320   399   400   323   324
  203:   325   326   341   323   202
  204:   328   394   330   323   309
  205:   345   375   376   377   314
  206:   342   329   330   323   344
  207:   401   349   402   403   351
  208:   325   399   380   323   324
  209:   320   404   330   323   202
  210:   405   394   341   323   309
  211:   310   311   312   313   314
  212:   406   407   368   408   351
  213:   320   409   322   323   324
  214:   325   326   341   323   202
  215:   345   375   376   377   314
  216:   378   379   380   381   382
  217:   325   326   341   323   383
  218:   305   410   307   411   309
  219:   345   375   395   377   314
  220:   412   379   413   323   414
  221:   320   352   322   323   324
  222:   401   349   302   403   351
  223:   415   416   317   350   351
  224:   325   326   341   323   202
  225:   405   394   341   323   309
  226:   310   311   312   417   314
  227:   418   349   317   419   351
  228:   143   231    59    44    45
  229:   145   146   154   107   112
  230:   109   110   111   107   118
  231:   420   243   244   193   194
  232:   145   146   147   107   118
  233:   345   375   395   377   314
  234:   405   394   341   323   309
  235:   345   375   376   421   314
  236:   342   329   330   323   344
  237:   345   375   376   377   314
  238:   422   379   341   323   414
  239:   345   375   395   377   314
  240:   325   394   341   323   202
  241:   345   375   376   377   314
  242:   198   199   200   201   202
  243:   423   385   424   387   388
  244:   214   389   235   390   391
  245:   320   425   426   427   202
  246:   406   428   368   408   351
  247:   305   429   307   308   309
  248:   310   311   312   417   314
  249:   415   349   317   430   351
  250:   320   409   322   323   324
  251:   405   394   341   323   309
  252:   348   349   302   430   351
  253:   431   432   433   434   358
  254:   328   435   330   323   309
  255:   315   436   317   437   319
  256:   320   329   330   323   202
  257:   345   375   376   421   314
  258:   422   379   327   323   414
  259:   198   199   200   201   383
  260:   214   236   237   292   208
  261:   259   148   392   107   108
  262:   342   329   330   323   344
  263:   438   379   439   323   414
  264:   325   326   341   323   383
  265:   325   326   341   323   202
  266:   305   429   307   411   309
  267:   345   375   376   377   314
  268:   328   394   330   323   309
  269:   415   316   317   350   440
  270:   214   389   235   441   391
  271:   405   399   341   323   309
  272:   315   442   317   437   443
  273:   320   321   322   323   324
  274:   259   110   299   107   112
  275:   420   243   244   261   194
  276:   145   146   154   155   118
  277:   444   445   200   201   202
  278:   446   204   294   447   202
  279:   214   236   257   448   449
  280:   450   204   296   451   221
  281:   452   240   453   187   188
  282:   454   157   455    49    45
  283:   456   218   233   451   221
  284:   457   199   458   459   202
  285:   253   271   211   460   273
  286:   109   110   111   107   112
  287:   203   204   205   201   202
  288:   265   234   461   220   188
  289:   450   234   296   451   188
  290:   203   234   205   459   202
  291:   198   199   200   201   383
  292:   422   379   462   323   414
  293:   325   326   327   323   383
  294:   345   375   376   377   314
  295:   422   379   463   323   414
  296:   345   375   395   377   314
  297:   109   110   111   107   118
  298:   145   146   154   107   118
  299:   214   236   237   292   208
  300:   464   432   433   434   465
  301:   328   466   467   468   469
  302:   470   311   471   313   472
  303:   473   316   474   430   475
  304:   320   476   400   323   324
  305:   477   326   478   479   480
  306:   328   329   481   323   482
  307:   483   375   484   377   485
  308:   396   379   397   323   482
  309:   486   487   488   489   490
  310:   491   326   492   323   493
  311:   494   495   496   489   497
  312:   498   346   499   500   472
  313:   501   349   502   503   504
  314:   505   487   506   489   507
  315:   508   432   509   510   511
  316:   328   466   467   512   469
  317:   513   311   514   515   472
  318:   516   316   474   318   517
  319:   486   518   488   489   490
  320:   505   326   341   323   344
  321:   328   495   330   489   519
  322:   520   375   376   377   521
  323:   396   379   522   323   523
  324:   320   399   400   323   324
  325:   505   326   341   323   524
  326:   328   525   467   512   469
  327:   520   375   467   377   472
  328:   477   326   478   479   493
  329:   328   525   481   489   469
  330:   520   375   484   377   472
  331:   494   495   496   489   497
  332:   526   379   527   528   529
  333:   396   326   478   512   469
  334:   328   495   467   512   469
  335:   328   375   530   531   472
  336:   532   533   534   340   482
  337:   505   326   341   323   344
  338:   328   525   481   489   469
  339:   520   375   484   377   472
  340:   396   379   522   323   523
  341:   520   375   467   377   472
  342:   491   326   492   323   493
  343:   396   379   522   323   482
  344:   320   487   400   489   507
  345:   491   326   492   323   493
  346:   494   495   496   489   497
  347:   328   379   527   489   529
  348:   535   425   536   537   493
  349:   405   525   538   512   469
  350:   473   316   474   350   475
  351:   486   539   488   489   490
  352:   405   525   341   489   519
  353:   520   375   395   377   521
  354:   540   326   327   340   344
  355:   541   542   543   468   469
  356:   470   311   471   417   472
  357:   516   544   474   437   545
  358:   320   476   400   323   324
  359:   477   326   478   479   493
  360:   328   495   546   489   469
  361:   520   375   484   377   472
  362:   547   487   548   528   490
  363:   508   311   499   549   472
  364:   501   349   502   550   504
  365:   342   539   551   489   507
  366:   396   326   478   512   469
  367:   491   542   538   512   497
  368:   513   311   514   552   472
  369:   553   544   474   554   545
  370:   486   539   488   489   490
  371:   342   425   426   427   344
  372:   328   466   330   555   519
  373:   470   311   312   313   521
  374:   320   476   400   323   324
  375:   494   495   496   489   497
  376:   498   375   556   557   472
  377:   405   379   538   489   529
  378:   491   326   492   323   558
  379:   405   525   538   512   469
  380:   520   375   467   377   472
  381:   412   379   522   323   559
  382:   320   487   400   489   507
  383:   325   399   380   323   324
  384:   325   326   341   323   202
  385:   560   561   341   562   563
  386:   345   375   376   564   565
  387:   423   566   567   568   324
  388:   214   569   570   238   188
  389:   203   429   307   201   202
  390:   217   410   571   572   573
  391:   423   569   574   575   324
  392:   214   236   237   292   208
  393:   576   326   577   578   449
  394:   405   525   492   489   469
  395:   498   375   556   512   472
  396:   396   326   478   512   472
  397:   328   375   579   580   472
  398:   486   487   488   489   490
  399:   405   525   492   489   469
  400:   520   375   484   377   472
  401:   535   404   581   479   493
  402:   513   311   471   582   472
  403:   508   407   583   408   584
  404:   328   495   467   512   469
  405:   477   326   478   479   558
  406:   396   326   478   512   469
  407:   405   525   538   512   469
  408:   553   349   474   419   584
  409:   405   495   341   489   519
  410:   405   394   492   323   482
  411:   396   379   397   323   523
  412:   396   326   478   512   472
  413:   328   375   579   580   472
  414:   486   487   488   489   490
  415:   498   425   536   585   469
  416:   328   525   467   512   469
  417:   586   349   502   587   504
  418:   498   404   581   512   469
  419:   473   416   474   350   584
  420:   198   199   200   201   202
  421:   405   379   588   489   529
  422:   477   326   478   479   558
  423:   325   326   341   323   383
  424:   345   375   395   564   565
  425:   328   495   467   512   469
  426:   470   331   471   347   472
  427:   333   379   589   340   523
  428:   405   495   538   512   469
  429:   328   394   481   323   482
  430:   508   428   583   408   584
  431:   505   326   341   323   344
  432:   328   495   467   468   469
  433:   470   311   471   417   472
  434:   473   349   474   430   584
  435:   328   495   481   489   469
  436:   328   518   467   512   469
  437:   516   436   474   437   517
  438:   477   326   478   479   493
  439:   328   375   484   590   472
  440:   486   539   488   489   490
  441:   217   410   591   572   573
  442:   328   487   467   512   469
  443:   486   518   488   489   490
  444:   592   326   327   323   383
  445:   328   394   593   323   309
  446:   325   326   341   323   202
  447:   396   379   397   323   398
  448:   594   379   463   340   414
  449:   320   399   400   323   324
  450:   325   326   341   323   383
  451:   412   379   413   323   414
  452:   325   326   341   323   383
  453:   345   375   395   377   314
  454:   151   152   149   142   118
  455:   145   146   147   107   112
  456:   325   326   327   323   383
  457:   325   326   327   323   202
  458:   345   375   376   377   314
  459:   396   379   397   323   309
  460:   406   595   368   369   370
  461:   345   375   376   596   314
  462:   328   375   467   597   472
  463:   328   375   467   597   472
  464:   491   326   492   323   493
  465:   320   539   400   489   507
  466:   328   495   496   489   469
  467:   498   598   556   512   472
  468:   396   379   599   512   469
  469:   494   600   551   512   490
  470:   477   326   478   479   493
  471:   498   601   499   500   472
  472:   491   600   506   512   490
  473:   498   425   536   585   469
  474:   513   602   514   515   472
  475:   486   603   488   512   490
  476:   405   495   492   489   469
  477:   405   326   492   512   472
  478:   328   598   579   580   472
  479:   396   379   522   479   523
  480:   320   600   400   479   324
  481:   520   598   484   377   472
  482:   486   600   488   512   490
  483:   491   326   492   479   493
  484:   498   598   556   557   472
  485:   505   600   506   512   507
  486:   505   326   341   479   493
  487:   405   525   604   489   469
  488:   520   598   484   377   472
  489:   396   379   599   489   529
  490:   342   600   551   512   507
  491:   491   326   492   479   558
  492:   520   598   467   377   472
  493:   320   600   400   512   507
  494:   491   326   492   479   493
  495:   328   525   496   489   469
  496:   605   598   556   489   472
  497:   342   600   551   512   507
  498:   396   326   478   512   469
  499:   498   601   606   607   472
  500:   498   379   608   512   529
  501:   535   425   536   537   493
  502:   508   602   499   510   472
  503:   508   428   609   610   504
  504:   494   603   551   512   490
  505:   491   326   492   323   558
  506:   498   598   611   512   472
  507:   342   487   551   489   507
  508:   396   326   478   512   469
  509:   513   602   514   552   472
  510:   473   349   612   613   504
  511:   494   603   551   512   490
  512:   396   379   599   512   529
  513:   477   326   478   479   493
  514:   498   601   499   500   472
  515:   501   349   614   615   504
  516:   508   432   509   510   511
  517:   486   404   488   512   490
  518:   328   495   496   489   469
  519:   494   487   551   489   490
  520:   477   326   478   479   493
  521:   491   487   506   489   490
  522:   328   598   579   580   472
  523:   486   600   488   512   490
  524:   325   487   380   489   507
  525:   405   525   604   489   469
  526:   477   326   478   479   493
  527:   498   598   556   616   472
  528:   396   379   599   489   529
  529:   494   600   551   512   490
  530:   498   598   556   557   472
  531:   617   379   618   619   529
  532:   396   326   478   512   472
  533:   328   525   467   512   469
  534:   328   598   579   580   472
  535:   405   326   492   512   469
  536:   513   620   514   621   472
  537:   333   379   589   622   523
  538:   498   598   611   512   472
  539:   405   495   604   489   469
  540:   491   326   623   323   558
  541:   477   326   624   479   493
  542:   328   525   496   489   469
  543:   498   598   556   512   472
  544:   405   487   538   512   469
  545:   486   404   488   512   490
  546:   520   598   484   421   472
  547:   505   326   341   479   493
  548:   520   598   484   377   472
  549:   553   349   612   625   504
  550:   473   316   612   550   626
  551:   498   598   556   512   472
  552:   586   349   614   627   504
  553:   498   404   581   512   469
  554:   516   442   474   437   545
  555:   396   379   599   489   469
  556:   498   598   628   629   472
  557:   396   379   630   512   529
  558:   325   600   380   512   507
  559:   486   600   488   512   490
  560:   505   326   341   323   524
  561:   491   525   492   489   497
  562:   631   561   632   633   634
  563:   384   569   570   575   324
  564:   405   525   506   489   529
  565:   635   636   506   377   507
  566:   325   394   341   323   202
  567:   342   375   395   597   314
  568:   505   379   637   323   638
  569:   491   394   492   323   493
  570:   483   375   484   377   485
  571:   494   375   467   597   485
  572:   412   379   397   323   414
  573:   320   399   400   323   324
  574:   483   375   467   377   485
  575:   405   379   462   323   398
  576:   505   326   341   323   524
  577:   520   375   467   377   472
  578:   412   379   478   323   559
  579:   498   598   556   512   472
  580:   405   379   639   640   529
  581:   328   598   530   580   472
  582:   501   349   502   613   504
  583:   513   602   514   552   472
  584:   486   603   488   512   490
  585:   333   379   608   641   529
  586:   535   404   581   479   493
  587:   508   407   609   610   504
  588:   498   598   611   512   472
  589:   328   598   530   531   472
  590:   617   379   588   641   529
  591:   494   375   467   597   485
  592:   505   326   327   323   524
  593:   520   375   484   377   472
  594:   477   326   478   479   558
  595:   405   542   538   512   469
  596:   617   379   588   528   529
  597:   405   379   538   512   529
  598:   494   495   467   512   497
  599:   498   598   642   640   472
  600:   405   525   538   512   469
  601:   494   495   467   512   497
  602:   494   495   467   512   497
  603:   405   495   538   512   469
  604:   605   598   611   489   472
  605:   396   326   478   512   469
  606:   498   601   606   607   472
  607:   498   379   643   640   529
  608:   498   598   628   644   472
  609:   508   602   606   645   472
  610:   553   349   612   646   504
  611:   498   598   628   640   472
  612:   508   602   606   647   472
  613:   508   428   609   648   504
  614:   508   602   499   510   472
  615:   508   428   649   650   504
  616:   532   379   630   641   529
  617:   477   326   478   479   558
  618:   498   598   611   512   472
  619:   396   379   651   640   529
  620:   494   495   467   512   497
  621:   328   379   652   640   529
  622:   396   379   522   479   523
  623:   520   598   467   377   472
  624:   328   598   579   580   472
  625:   508   407   609   648   504
  626:   494   603   551   512   490
  627:   508   407   649   650   504
  628:   498   598   628   629   472
  629:   396   379   653   640   529
  630:   498   598   642   640   472
  631:   654   326   413   479   558
  632:   328   598   467   597   472
  633:   405   379   632   323   523
  634:   486   600   488   479   655
  635:   491   326   492   323   558
  636:   491   525   604   489   497
  637:   328   375   467   597   472
  638:   320   487   400   489   507
  639:   498   598   611   512   472
  640:   396   379   651   640   529
  641:   396   379   599   512   529
  642:   498   598   628   640   472
  643:   498   598   628   644   472
  644:   532   379   653   619   529
  645:   553   349   656   627   504
  646:   473   416   612   550   504
  647:   473   349   656   615   504
  648:   553   349   612   657   504
  649:   508   602   606   645   472
  650:   553   349   656   658   504
  651:   498   598   642   640   472
  652:   498   598   556   616   472
  653:   498   598   642   640   472
  654:   405   326   492   489   472
  655:   320   600   400   479   324
  656:   508   602   606   647   472
  657:   473   416   612   659   504
  658:   473   416   656   660   504
  659:   473   316   612   659   626
  660:   473   316   656   660   626
------------------------------------
0: Initial State
2,5,6,7,8,9,10,12,13,15,16,17,18,19,20,21,22,23,24,25,26,27,28,29,30,31,32,33,34,35,36,37,38,39,40,41,42,43,44,45,46,47,48,49,50,51,52,53,54,55,56,57,58,59,60,61,62,63,64,65,66,67,68,69,70,71,72,73,74,75,76,77,78,79,80,81,82,83,84,85,86,87,88,89,90,91,92,93,94,95,96,97,98,99,100,101,102,103,104,105,106,107,108,109,110,111,112,113,114,115,116,117,118,119,120,121,122,123,124,125,126,127,128,129,130,131,132,133,134,135,136,137,138,139,140,141,142,143,144,145,146,147,148,149,150,151,152,153,154,155,156,157,158,159,160,161,162,163,164,165,166,167,168,169,170,171,172,173,174,175,176,177,178,179,180,181,182,183,184,185,186,187,188,189,190,191,192,193,194,195,196,197,198,199,200,201,202,203,204,205,206,207,208,209,210,211,212,213,214,215,216,217,218,219,220,221,222,223,224,225,226,227,228,229,230,231,232,233,234,235,236,237,238,239,240,241,242,243,244,245,246,247,248,249,250,251,252,253,254,255,256,257,258,259,260,261,262,263,264,265,266,267,268,269,270,271,272,273,274,275,276,277,278,279,280,281,282,283,284,285,286,287,288,289,290,291,292,293,294,295,296,297,298,299,300,301,302,303,304,305,306,307,308,309,310,311,312,313,314,315,316,317,318,319,320,321,322,323,324,325,326,327,328,329,330,331,332,333,334,335,336,337,338,339,340,341,342,343,344,345,346,347,348,349,350,351,352,353,354,355,356,357,358,359,360,361,362,363,364,365,366,367,368,369,370,371,372,373,374,375,376,377,378,379,380,381,382,383,384,385,386,387,388,389,390,391,392,393,394,395,396,397,398,399,400,401,402,403,404,405,406,407,408,409,410,411,412,413,414,415,416,417,418,419,420,421,422,423,424,425,426,427,428,429,430,431,432,433,434,435,436,437,438,439,440,441,442,443,444,445,446,447,448,449,450,451,452,453,454,455,456,457,458,459,460,461,462,463,464,465,466,467,468,469,470,471,472,473,474,475,476,477,478,479,480,481,482,483,484,485,486,487,488,489,490,491,492,493,494,495,496,497,498,499,500,501,502,503,504,505,506,507,508,509,510,511,512,513,514,515,516,517,518,519,520,521,522,523,524,525,526,527,528,529,530,531,532,533,534,535,536,537,538,539,540,541,542,543,544,545,546,547,548,549,550,551,552,553,554,555,556,557,558,559,560,561,562,563,564,565,566,567,568,569,570,571,572,573,574,575,576,577,578,579,580,581,582,583,584,585,586,587,588,589,590,591,592,593,594,595,596,597,598,599,600,601,602,603,604,605,606,607,608,609,610,611,612,613,614,615,616,617,618,619,620,621,622,623,624,625,626,627,628,629,630,631,632,633,634,635,636,637,638,639,640,641,642,643,644,645,646,647,648,649,650,651,652,653,654,655,656,657,658,659,660: Accepting State(s)



