
DFA:

Sigma:	a	b	c	d	e	
---------------
0: 	1	2	3	1	2
1: 	3	2	4	2	2
2: 	2	2	2	2	2
3: 	5	2	3	6	2
4: 	5	7	8	9	2
5: 	10	11	12	13	14
6: 	15	7	16	9	2
7: 	0	17	18	19	2
8: 	20	2	4	6	2
9: 	10	17	12	13	21
10: 	20	17	12	13	21
11: 	22	11	23	24	25
12: 	20	11	12	26	27
13: 	20	11	12	28	14
14: 	29	11	30	31	25
15: 	20	17	18	32	2
16: 	20	7	16	9	2
17: 	33	11	23	24	25
18: 	5	11	34	26	27
19: 	5	1	35	36	27
20: 	20	11	12	13	14
21: 	9	17	12	37	38
22: 	20	11	12	37	25
23: 	20	11	12	26	39
24: 	40	11	12	41	25
25: 	42	11	30	31	25
26: 	43	17	23	44	38
27: 	29	11	45	26	27
28: 	40	11	12	46	14
29: 	10	11	12	13	14
....
48: 	40	17	12	53	21
49: 	10	17	12	13	21
50: 	0	2	4	2	2
51: 	10	17	12	37	38
52: 	5	11	34	26	39
53: 	20	11	12	28	14
0: Initial State
[0 3-49 51-53 ]: Accepting state(s)

Minimized DFA:

Sigma:	a	b	c	d	e	
---------------
0: 	0	0	0	0	0
1: 	5	0	13	5	0
2: 	12	5	14	3	12
3: 	12	6	16	12	4
4: 	1	0	9	0	0
5: 	13	0	9	0	0
6: 	1	12	12	2	0
7: 	13	12	12	2	0
8: 	12	0	9	15	0
9: 	12	6	8	12	0
10: 	12	12	12	11	0
11: 	12	7	16	12	12
12: 	12	12	12	12	12
13: 	12	0	13	15	0
14: 	12	0	13	12	0
15: 	10	6	16	12	0
16: 	12	6	16	12	0
1: Initial State
[1-3 6-16 ]: Accepting state(s)
The following strings are accepted:
aaaaa
aaaaaaaaaa
aaaaaaaa
aaa
aaaaaaaaaaaaaaa
aaaabcdaa
cacaccccaaaaaaaaaaaccc
