
DFA:

Sigma:	a	b	c	d	e	
---------------
0: 	1	2	3	4	5
1: 	1	1	1	1	1
2: 	1	6	7	8	9
3: 	10	1	1	11	4
4: 	12	13	14	15	16
5: 	17	18	19	20	21
6: 	1	22	3	23	24
7: 	25	26	27	28	29
8: 	30	31	32	33	34
9: 	17	35	27	36	21
10: 	12	13	37	38	16
11: 	1	39	1	1	40
12: 	41	42	43	44	45
13: 	46	47	48	49	45
14: 	50	13	14	51	16
15: 	52	53	54	55	56
16: 	57	58	59	60	61
17: 	62	63	64	65	66
18: 	67	68	69	70	71
19: 	72	73	74	75	76
20: 	77	78	79	80	81
21: 	77	82	79	83	81
22: 	52	53	84	55	56
23: 	85	86	87	88	45
24: 	17	18	19	20	21
25: 	89	90	91	92	93
26: 	94	95	96	97	45
27: 	72	73	74	98	76
28: 	99	100	101	102	103
29: 	104	105	106	107	108
....
655: 	320	600	400	479	324
656: 	508	602	606	647	472
657: 	473	416	612	659	504
658: 	473	416	656	660	504
659: 	473	316	612	659	626
660: 	473	316	656	660	626
0: Initial State
[2 5-10 12-13 15-660 ]: Accepting state(s)

Minimized DFA:

Sigma:	a	b	c	d	e	
---------------
0: 	0	0	0	0	0
1: 	0	0	1	0	0
2: 	0	3	3	6	1
3: 	3	3	3	3	3
4: 	3	0	2	0	0
5: 	3	7	2	1	0
6: 	3	8	3	3	0
7: 	3	4	0	0	0
8: 	3	0	0	0	0
5: Initial State
[0 4 7-8 ]: Accepting state(s)
The following strings are accepted:
ddbca
eccac
eccacbeccacbeccacbeccacb
eccacc
eccacd
eccacda
eccacdb
cacaccccaaaaaaaaaaaccc
